2862
2246
2435
755
253
1201
2368
2208
2574
1748
2431
2223
1427
1960
2517
741
687
2438
963
1579
2702
1857
2364
921
2867
2259
2339
197
1765
652
529
2854
2199
2535
1737
2017
2333
1301
2130
2903
2535
326
19
754
208
1965
2302
1456
2187
1039
2666
1558
2830
593
913
1641
391
2644
1906
1143
1552
2933
1907
1817
2175
2035
669
2185
2173
734
512
882
55
178
2541
937
1044
312
1509
925
2776
1779
2620
2337
1930
2502
221
892
824
1600
396
1436
1658
164
2978
946
1936
1410
994
1991
1449
353
2659
1992
1786
627
2457
817
1087
2777
537
942
1676
1491
2164
1073
461
1904
2104
2392
2434
513
1446
1055
1562
2289
2208
1693
1029
2579
2666
2905
1606
2664
627
1594
1025
408
2819
2
2320
934
2655
1368
2886
1431
1215
2160
373
1441
1288
1771
2858
710
1531
1264
1491
2784
716
636
1722
1621
342
1006
588
104
1687
1701
1245
1868
2584
351
1407
1318
1065
825
1685
273
2479
1561
1468
2225
2178
2974
16
2447
2669
348
297
2476
664
2549
1647
737
1439
1362
2905
1112
1685
2373
1531
268
1646
2249
1205
2415
255
368
2934
2655
1491
2981
2997
462
1428
2006
672
2867
435
2825
1870
1078
373
365
928
1114
36
1634
2226
1237
2865
1559
255
2651
1644
1184
2394
794
938
2387
2019
2706
2412
2351
1316
114
1450
2776
2515
2940
1642
2162
2448
706
1923
2871
276
353
974
2772
1911
2779
1824
1847
2277
777
36
1606
2114
2536
1388
2449
867
1224
1224
1461
75
2746
641
1323
673
391
210
1811
809
1934
1974
1643
771
1949
1091
2431
855
461
1757
1716
2846
915
678
2360
177
2031
1946
1735
2000
211
2297
23
1113
129
1929
1413
1367
2421
2087
415
1584
487
2329
288
2728
2063
419
2572
2950
2805
1806
1479
635
613
483
360
1824
1744
2894
1302
2174
1562
2340
2136
817
1911
104
1546
1341
943
360
1254
2311
246
305
253
1622
1211
2526
1696
487
896
576
43
183
1459
1452
937
1447
1700
942
1209
2475
2415
2106
2217
1613
1659
924
2677
297
2644
2969
2537
1383
2184
1755
2410
2318
670
1708
522
2246
2582
2106
945
419
2396
1519
1664
1857
2147
1706
96
1770
2415
2599
1709
2573
1971
2871
278
2808
893
2213
215
387
2666
2067
2538
2861
647
1996
1071
607
2387
2200
2671
2138
2677
2060
900
1617
2851
1752
2031
1226
2633
52
2607
2666
2304
2099
108
1266
152
2806
679
257
19
361
1593
566
2012
2626
1899
2845
871
1086
891
1930
738
577
457
472
2435
2963
1965
1782
166
1051
2959
2124
1394
18
2858
2748
2090
1986
1539
1561
971
2476
2530
2200
1828
140
2237
936
269
2211
109
1163
965
2746
1070
460
1359
421
511
1976
3
915
366
1841
2267
2955
1996
2093
2256
100
2697
920
1886
375
2837
431
34
1425
348
1475
2905
667
2104
1841
752
1219
2826
1515
2190
2476
2347
1594
2466
2548
2273
400
1336
2738
39
543
2287
846
2254
2241
2210
567
1088
1241
1727
2721
1900
1921
2307
2176
1754
528
562
2116
73
1100
1612
1967
2969
998
480
1373
24
1722
2994
456
2946
2407
1242
1388
901
1381
2475
981
953
1393
2968
2740
1186
50
1018
1918
2005
462
1418
364
2277
1160
368
1869
887
273
1905
2072
1865
1012
76
1183
401
85
1875
704
2626
1812
202
15
285
306
250
2308
2616
809
660
766
2751
2635
2190
2000
86
2753
1103
1616
1001
1277
616
311
1481
24
668
1752
1183
2382
2318
1737
1694
1349
942
224
2673
1960
2107
1581
1751
881
732
1349
503
212
2716
2621
734
1973
2821
1571
1738
2787
1472
2426
2519
127
411
2045
319
598
409
1716
338
2397
2649
564
2525
2316
1358
2617
303
2387
1976
1103
2466
2494
2732
933
144
2732
2930
1671
981
691
540
1448
2930
864
990
1429
887
2738
787
135
2301
837
2276
1099
956
1472
749
2635
559
2350
2360
1869
345
2399
2185
403
86
1594
2072
283
2702
869
1525
237
2998
239
2988
916
429
2720
2562
503
1707
859
786
1117
2585
481
347
64
1452
1551
1612
2510
2310
2824
2561
2931
407
495
2803
1113
2325
2234
2350
264
1526
1780
1518
1804
1232
2267
2507
2793
1225
1954
1241
1592
1832
105
2572
2540
202
2539
754
1229
2813
1829
746
1371
2611
976
154
1833
1107
1521
2185
2296
1124
2047
2256
1732
2061
1813
1680
348
283
50
1004
2005
1983
997
359
175
1560
2864
1917
2222
285
2312
2515
970
849
1334
2972
1930
871
2528
2044
979
44
508
692
895
1064
732
2482
2075
1305
88
1069
2863
1708
1658
2315
688
1740
1155
2973
604
2252
2761
893
437
2278
225
2199
77
2474
2257
448
904
2208
1154
1939
1187
2293
2362
1658
2105
2133
2442
2933
1640
1976
545
2583
2136
24
2597
1830
1318
110
2917
2794
448
1280
120
1110
2650
2126
1230
943
2823
1862
2697
2730
1764
752
903
2552
904
1960
2220
335
2752
307
1230
1693
2500
1914
940
1600
595
1537
989
539
1380
2655
88
2768
1144
2368
2837
2572
627
1728
2753
1550
2368
122
182
427
1946
2089
519
1987
2817
2724
666
1857
1638
2093
2161
910
199
533
2178
2896
1657
1564
2591
148
1326
1202
1206
827
244
1827
2144
2739
1150
1857
1900
798
351
2057
2566
2023
2488
1989
2522
2423
2891
2373
2101
609
2800
1354
1303
358
1282
2296
946
689
2883
1205
1650
2628
511
1763
1193
844
2447
1660
1317
1541
1911
624
1562
1993
402
377
2872
130
79
101
703
2131
2721
723
